Sample	FastQC_mqc-generalstats-fastqc-percent_duplicates	FastQC_mqc-generalstats-fastqc-percent_gc	FastQC_mqc-generalstats-fastqc-avg_sequence_length	FastQC_mqc-generalstats-fastqc-percent_fails	FastQC_mqc-generalstats-fastqc-total_sequences
01C_S85_L001_R1_001	28.360524556833553	41.0	101.0	18.181818181818183	2742455.0
01C_S85_L002_R1_001	28.52678549100922	41.0	101.0	18.181818181818183	2748022.0
02C_S86_L001_R1_001	20.38325511914401	39.0	101.0	9.090909090909092	3683108.0
02C_S86_L002_R1_001	20.79169316022687	39.0	101.0	9.090909090909092	3658991.0
03C_S87_L001_R1_001	24.1356757488453	43.0	101.0	9.090909090909092	3131633.0
03C_S87_L002_R1_001	24.03109267752687	43.0	101.0	9.090909090909092	3120413.0
04C_S88_L001_R1_001	24.011209247822975	41.0	101.0	9.090909090909092	3810271.0
04C_S88_L002_R1_001	24.157828502041042	41.0	101.0	9.090909090909092	3787869.0
05C_S89_L001_R1_001	53.67516858832988	41.0	101.0	27.27272727272727	2997397.0
05C_S89_L002_R1_001	54.15406368952248	41.0	101.0	27.27272727272727	2998004.0
06C_S90_L001_R1_001	28.360610626018428	41.0	101.0	9.090909090909092	3612310.0
06C_S90_L002_R1_001	28.465723127133984	41.0	101.0	9.090909090909092	3628849.0
07C_S91_L001_R1_001	30.3953074121152	41.0	101.0	18.181818181818183	3305672.0
07C_S91_L002_R1_001	30.66287150220107	40.0	101.0	18.181818181818183	3317205.0
08C_S92_L001_R1_001	22.544237151892048	41.0	101.0	9.090909090909092	3756960.0
08C_S92_L002_R1_001	23.068865949097273	41.0	101.0	9.090909090909092	3807654.0
09C_S93_L001_R1_001	33.70015125439757	43.0	101.0	18.181818181818183	3524064.0
09C_S93_L002_R1_001	34.08005012290751	43.0	101.0	18.181818181818183	3519306.0
10C_S94_L001_R1_001	28.251953974038116	42.0	101.0	18.181818181818183	4357635.0
10C_S94_L002_R1_001	28.293347428272625	42.0	101.0	9.090909090909092	4328514.0
11C_S95_L001_R1_001	33.827866549965776	40.0	101.0	18.181818181818183	3732709.0
11C_S95_L002_R1_001	34.31281960516827	40.0	101.0	18.181818181818183	3737455.0
12C_S96_L001_R1_001	29.511480129030417	43.0	101.0	18.181818181818183	3657641.0
12C_S96_L002_R1_001	29.941386145276056	43.0	101.0	18.181818181818183	3679905.0
13C_S97_L001_R1_001	25.90490698366264	33.0	101.0	9.090909090909092	6039116.0
13C_S97_L002_R1_001	26.327597672912034	33.0	101.0	9.090909090909092	6055351.0
14C_S98_L001_R1_001	24.754205604263234	33.0	101.0	9.090909090909092	4650847.0
14C_S98_L002_R1_001	24.842638598912643	33.0	101.0	9.090909090909092	4630462.0
15C_S99_L001_R1_001	16.93163041939009	40.0	101.0	9.090909090909092	3243546.0
15C_S99_L002_R1_001	17.476851366751873	40.0	101.0	9.090909090909092	3295943.0
16C_S100_L001_R1_001	23.7115258163154	39.0	101.0	9.090909090909092	4038433.0
16C_S100_L002_R1_001	24.213156686182785	39.0	101.0	9.090909090909092	4043483.0
17C_S101_L001_R1_001	52.46337383735618	43.0	101.0	27.27272727272727	2061404.0
17C_S101_L002_R1_001	52.97597527795067	43.0	101.0	27.27272727272727	2054963.0
18C_S102_L001_R1_001	21.49229776523245	41.0	101.0	9.090909090909092	3385684.0
18C_S102_L002_R1_001	22.009564959377883	41.0	101.0	9.090909090909092	3381580.0
19C_S103_L001_R1_001	28.786926016464193	39.0	101.0	9.090909090909092	4546124.0
19C_S103_L002_R1_001	29.022340381905934	39.0	101.0	9.090909090909092	4500389.0
20C_S104_L001_R1_001	23.637531293091698	39.0	101.0	9.090909090909092	4405194.0
20C_S104_L002_R1_001	24.178412783692266	39.0	101.0	9.090909090909092	4413165.0
21C_S105_L001_R1_001	22.564318941224286	40.0	101.0	9.090909090909092	4987140.0
21C_S105_L002_R1_001	22.73338039206925	40.0	101.0	9.090909090909092	4959213.0
22C_S106_L001_R1_001	31.034070756248198	41.0	101.0	18.181818181818183	3927599.0
22C_S106_L002_R1_001	31.69480867850369	41.0	101.0	18.181818181818183	3927850.0
23C_S107_L001_R1_001	21.533850284303853	39.0	101.0	18.181818181818183	3764961.0
23C_S107_L002_R1_001	22.237433212822808	39.0	101.0	9.090909090909092	3734707.0
24C_S108_L001_R1_001	26.143464650488752	41.0	101.0	18.181818181818183	4489730.0
24C_S108_L002_R1_001	26.523424503927032	41.0	101.0	18.181818181818183	4471736.0
25C_S109_L001_R1_001	25.210323037275415	39.0	101.0	9.090909090909092	3669407.0
25C_S109_L002_R1_001	25.47303980207124	39.0	101.0	9.090909090909092	3678508.0
26C_S110_L001_R1_001	26.68107411030381	41.0	101.0	18.181818181818183	3767923.0
26C_S110_L002_R1_001	27.183310177745653	40.0	101.0	18.181818181818183	3733254.0
27C_S111_L001_R1_001	20.772325016120107	40.0	101.0	9.090909090909092	3542042.0
27C_S111_L002_R1_001	21.27365123934078	40.0	101.0	9.090909090909092	3542294.0
28C_S112_L001_R1_001	27.46960557564509	36.0	101.0	9.090909090909092	4829935.0
28C_S112_L002_R1_001	27.886721812933416	36.0	101.0	9.090909090909092	4849520.0
29C_S113_L001_R1_001	22.729245594437373	38.0	101.0	18.181818181818183	3811918.0
29C_S113_L002_R1_001	23.129278387719282	38.0	101.0	9.090909090909092	3794953.0
30C_S114_L001_R1_001	25.16586073228767	39.0	101.0	18.181818181818183	4011511.0
30C_S114_L002_R1_001	25.494130514292777	39.0	101.0	9.090909090909092	3976796.0
